$coord
          1.295271315324         -2.263698235068          0.634156076737     c 
         -1.291638197378         -2.265333580283         -0.634626688607     c 
          1.044283036274         -2.189892663377          2.681345301006     h 
          2.323449245722         -3.993912208359          0.179508612483     h 
         -2.317067237356         -3.997378133936         -0.180479038158     h 
         -1.041018918500         -2.190453597345         -2.681924174897     h 
         -2.803460607888          0.034099772541          0.229932573822     c 
         -1.247014618882          2.395294393414          0.103506392546     c 
          1.243061644410          2.397185818605         -0.103908325539     c 
          2.803472397510          0.038580949227         -0.229220113502     c 
         -3.444723391175         -0.239261367731          2.179689420328     h 
         -4.494656154537          0.257584243888         -0.935424333993     h 
         -2.279611310584          4.156407408739          0.212529316547     h 
          2.272904264443          4.159820818831         -0.212524289687     h 
          3.446811071776         -0.233333179699         -2.178438707476     h 
          4.493300581359          0.264816098863          0.937625594116     h 
$end
