   -0.13861807
   -0.01270796
   -0.06482958
   -0.07370492
    0.05695758
   -0.04025804
   -0.07282507
    0.08207070
   -0.05972666
   -0.03045978
    0.00078640
    0.05397005
   -0.03104659
   -0.05764394
    0.04010573
   -0.06198246
    0.14692597
   -0.04630496
   -0.04751181
   -0.03175787
   -0.04804950
    0.07434489
   -0.02947388
   -0.03495964
    0.02121962
   -0.04172313
    0.08882507
   -0.05714537
   -0.04142108
   -0.03659159
   -0.03902669
    0.02075655
   -0.02873008
   -0.03400513
   -0.04103676
   -0.02652358
   -0.03542305
   -0.05320269
   -0.04164927
   -0.05939810
   -0.03643433
   -0.02953556
    0.18748039
    0.03989352
    0.05665894
   -0.00117830
   -0.00619915
   -0.01270148
    0.00439125
   -0.01692105
    0.03336703
    0.01845344
    0.04065606
    0.05617342
    0.05722252
   -0.01691953
    0.00612799
    0.01572618
    0.04699650
   -0.00122686
    0.06318810
    0.00631292
    0.01765972
   -0.00232778
    0.00728957
    0.01000901
    0.03151229
   -0.00228324
    0.00551987
    0.05853618
    0.00104493
   -0.00622641
    0.01125989
    0.02343796
   -0.28468443
   -0.28712277
   -0.26338209
