           3           6   1.5026487316277020     
           5           7   1.3580662068101941     
           2           8   1.1915819995977828     
           4           9   1.4182600230255602     
           2          10   1.3165091547255532     
           2          11   1.2477003486821676     
           3          11   1.2803674921581654     
           4          12   1.3608871325625400     
           5          12   1.2017423608722155     
           6          13   1.3419536616220791     
           8          13   1.3321220380076517     
           7          14   1.4197172491451790     
           9          14   1.4234436895697458     
          16          17   1.3711508066244142     
          10          18   1.5171248073099837     
          10          19  0.10732326562459922     
          11          19   1.2804724101328049     
          16          20   1.4340817398594317     
          17          21   1.3472844585850321     
          20          21  0.10644332956623474     
           1          22  0.95814978537879980     
          20          22   1.4163145414715863     
          21          23   1.4617828489412457     
          22          23   1.3919983846202524     
          13          25   1.0452667784361402     
          24          25   1.3858423176840047     
          18          26   1.3370167262812884     
          19          26   1.5363780252029071     
          27          28   1.3038268944086582     
          29          30   1.4209838245803310     
          29          31   1.3977255689236436     
          30          32   1.4226755317480018     
          27          33   1.2423127640652645     
          32          33   1.0603933085662391     
          24          34   1.4504933848956361     
          28          35   1.4844812145722386     
          25          36   1.3849447793400722     
          34          36  0.10715968222732100     
          31          37   1.4701858523734679     
          32          38   1.2419270789245285     
          37          38   1.3080235709403898     
          33          39   1.4195259300895100     
          35          40   1.3943934568225329     
          39          40   1.4311127044699723     
          25          41  0.10489889321645447     
          34          41   1.4340682089255947     
          24          42  0.10612226072145309     
          36          42   1.4538781918399653     
          41          42   1.4294743889565835     
           1          43  0.11592689313482245     
          38          43  0.31100247531636283     
          10          44  0.96323745805467642     
          15          45  0.98034703230210574     
           3          46  0.96936110028393796     
           4          47  0.96670615546217109     
           7          48  0.96744391541701913     
           6          49  0.96879981054957365     
           9          50  0.97167551047444856     
          15          51  0.97660644264915053     
          24          52  0.96969577812793917     
          16          53  0.96442481788942480     
          20          54  0.96730904825790620     
          21          55  0.96573853712924795     
          14          56  0.97152109224502137     
          18          57  0.97185598172394960     
          28          58  0.96898607580836948     
          15          59  0.97341362821374966     
          19          60  0.96754693659866131     
          23          61  0.93671029281346407     
          29          62  0.97206501615329999     
          30          63  0.96913692759013992     
          26          64  0.97170693221249504     
          31          65  0.97159381975418202     
          34          66  0.97155397036731506     
          36          67  0.93463649224224965     
          35          68  0.97120841752162335     
          37          69  0.96472672115269087     
          38          70  0.90099801655038125     
          39          71  0.96995881421393981     
          40          72  0.97226514733422564     
          41          73  0.97220123127868130     
          42          74  0.96891936643186782     
           5          75   1.1820403045146406     
           8          75   1.1732838202575320     
          43          75  0.49813496905705140     
          12          76   1.1894943311588777     
          27          76   1.2278683458012796     
          43          76  0.45490275321680579     
          15          77  0.98694245974867800     
          17          77   1.0649001213908562     
