$coord
          1.304604621143         -2.278947724624          0.619734195116     c 
         -1.308337491486         -2.277299193280         -0.619147683519     c 
          1.089300019619         -2.252172678206          2.678092459604     h 
          2.326216323052         -4.002475835035          0.110735927693     h 
         -2.332779693141         -3.998886883386         -0.109148293334     h 
         -1.092791164911         -2.252085844165         -2.677482695307     h 
         -2.815549248469          0.043160349521          0.226158721371     c 
         -1.246226695002          2.409874282580          0.102234549534     c 
          1.250337717649          2.407829808484         -0.101897717033     c 
          2.815534698524          0.038552547402         -0.227049280236     c 
         -3.483132281232         -0.221964095169          2.171385791597     h 
         -4.494437799349          0.263098020879         -0.963846778488     h 
         -2.287180106152          4.175505535140          0.203362271652     h 
          2.293910769333          4.172046150093         -0.201956158698     h 
          3.480713626470         -0.228091838451         -2.172892725965     h 
          4.495847306439          0.255518871880          0.961359507020     h 
$end
