   -0.14835803
   -0.01263974
   -0.07049844
   -0.07140277
    0.04858327
   -0.04022609
   -0.06576326
    0.07973674
   -0.05709034
   -0.02885890
    0.00534476
    0.05190454
   -0.04121855
   -0.05882991
    0.04166625
   -0.06099558
    0.13909976
   -0.04568437
   -0.04336870
   -0.03302251
   -0.04775634
    0.05117303
   -0.03569203
   -0.04155047
    0.01778696
   -0.03875086
    0.08719240
   -0.06318768
   -0.03323905
   -0.02805530
   -0.03722937
    0.02296690
   -0.02556755
   -0.03640700
   -0.04098150
   -0.03405709
   -0.03333717
   -0.03635494
   -0.04043671
   -0.05985508
   -0.03779844
   -0.03218412
    0.24866549
    0.02314923
    0.04856889
   -0.00307744
   -0.00376194
   -0.00462781
    0.00519712
   -0.01307768
    0.05362296
    0.01607202
    0.03674939
    0.05199953
    0.05111135
   -0.01238384
   -0.00071207
    0.00734032
    0.03075657
    0.00531045
    0.05646997
    0.01304495
    0.03391496
   -0.00028857
    0.00891687
    0.00908827
    0.04628550
   -0.00374385
    0.01444071
    0.02998499
    0.00426690
   -0.00509262
    0.01304998
    0.02397645
   -0.28499951
   -0.29344505
   -0.27182922
