           3           6   1.5154970534746053     
           5           7   1.3628588725379289     
           2           8   1.1550412201942921     
           4           9   1.4298976041666067     
           2          10   1.3305809435142117     
           2          11   1.2558578780795751     
           3          11   1.2634341849167483     
           4          12   1.3518999871484967     
           5          12   1.2183740312423192     
           6          13   1.3346822157505140     
           8          13   1.2838896051007302     
           7          14   1.4250909895849235     
           9          14   1.4184197187204046     
          16          17   1.3586365870568688     
          10          18   1.5095678183717898     
          10          19  0.10739393110118131     
          11          19   1.2883174832136772     
          16          20   1.4456091617622993     
          17          21   1.3417363523299917     
           1          22  0.84451723476195717     
          20          22   1.3398399855958238     
          21          23   1.4730419766611773     
          22          23   1.3285097366540468     
          13          25   1.0765279751983170     
          24          25   1.3620730665901690     
          18          26   1.3398951907585130     
          19          26   1.5343944012400330     
          27          28   1.3071104219687502     
          29          30   1.4565170828758516     
          29          31   1.4232417188548772     
          30          32   1.3800765016357333     
          31          32  0.10478983107903120     
          27          33   1.2585535911493653     
          32          33   1.0417908625231249     
          24          34   1.4601592077107226     
          28          35   1.4789403401371337     
          25          36   1.3481138793110947     
          30          37  0.10767275707623182     
          31          37   1.4362045680267728     
          29          38  0.10487339725284750     
          32          38   1.3887626240911315     
          37          38   1.4466924314125453     
          33          39   1.4284166317426477     
          35          40   1.4022183551079586     
          39          40   1.4222671749849585     
          34          41   1.4201507461871561     
          24          42  0.10293440613479722     
          36          42   1.4281341645978087     
          41          42   1.4366665253363289     
           1          43  0.26006004408754585     
          22          43  0.24553650000377936     
          10          44  0.96263146278353018     
          15          45  0.96975531820417737     
           3          46  0.96940704572109981     
           4          47  0.96794881275630251     
           7          48  0.96851239227220387     
           6          49  0.96651795291435993     
           9          50  0.97173560391520653     
          15          51  0.98057270928798679     
          24          52  0.96530994367017564     
          16          53  0.96456117121718621     
          20          54  0.96173705074252491     
          21          55  0.96580142782249379     
          14          56  0.97166790045818163     
          18          57  0.97053150176728487     
          28          58  0.96922912421832752     
          15          59  0.97652879790373626     
          19          60  0.96933258361121089     
          23          61  0.95942531957890109     
          29          62  0.97138535874739751     
          30          63  0.96913881313238037     
          26          64  0.97162361038582534     
          31          65  0.97207841777980719     
          34          66  0.97160029972207729     
          36          67  0.95633584721598019     
          35          68  0.97127743070254435     
          37          69  0.97151862429865798     
          38          70  0.96708760655107906     
          39          71  0.96947879848377960     
          40          72  0.97228388686188461     
          41          73  0.97206321396392847     
          42          74  0.96580245931417641     
           5          75   1.1578170900562681     
           8          75   1.2799198371085179     
          43          75  0.46284221537242187     
          12          76   1.1889499742946508     
          27          76   1.1980112100483038     
          43          76  0.52726440609556746     
          15          77  0.98697725049269414     
          17          77   1.0563087534237714     
