           3           6   1.5510758632196042     
           5           7   1.3296314499953958     
           2           8   1.2054191254414148     
           4           9   1.4399101853882672     
           2          10   1.2963441073711846     
           2          11   1.2577595116249112     
           3          11   1.2674761696760177     
           4          12   1.3476061388271514     
           5          12   1.2137184466039941     
           6          13   1.2982173554480612     
           8          13   1.4118912277762510     
           7          14   1.4466296566146835     
           9          14   1.4048343965374430     
          16          17   1.3919424844472690     
          10          18   1.5410587191434888     
          10          19  0.11595353757481437     
          11          19   1.2831886504138204     
          16          20   1.4101271184380892     
          17          21   1.3574568613424536     
          20          21  0.10911602937407466     
          20          22   1.4212434658604933     
          16          23  0.10439142551925860     
          21          23   1.4516480816582702     
          22          23   1.3960946667446514     
          13          25   1.0344515442094560     
          24          25   1.3904237032408540     
          18          26   1.3285624387737855     
          19          26   1.5478500623228590     
          27          28   1.3555849164415994     
          29          30   1.4492288281317807     
          29          31   1.4347724934355874     
          30          32   1.3886460006353565     
          31          32  0.10626186042431399     
          27          33   1.3019860653849342     
          32          33   1.0400134787996507     
          24          34   1.4499252660178308     
          28          35   1.4616196756576940     
          25          36   1.3945017004230542     
          34          36  0.10867472079067864     
          30          37  0.10677125975768399     
          31          37   1.4329822506999532     
          29          38  0.10851315186062674     
          32          38   1.3892716676264854     
          37          38   1.4510140822669162     
          33          39   1.4101300919491306     
          35          40   1.4171686875697747     
          39          40   1.4369961048401159     
          25          41  0.10681537134534380     
          34          41   1.4324262769338434     
          24          42  0.10874812115991460     
          36          42   1.4470271785803048     
          41          42   1.4337164537955673     
           1          43  0.59591505375224918     
          22          43  0.74003307160641207     
          10          44  0.96351767129111165     
          15          45  0.97582932171352754     
           3          46  0.96836773042159641     
           4          47  0.96795255955513515     
           7          48  0.96812714142390055     
           6          49  0.96877134837932521     
           9          50  0.97180508090071793     
          15          51  0.98085304075455049     
          24          52  0.97020099028395779     
          16          53  0.96509693246713979     
          20          54  0.96293673910325039     
          21          55  0.96747364296422933     
          14          56  0.97164989917219058     
          18          57  0.97174775281439352     
          28          58  0.96725060270500895     
          15          59  0.97626897539033974     
          19          60  0.96900623553712772     
          23          61  0.95872448539051125     
          29          62  0.97148630403106440     
          30          63  0.96977964560720276     
          26          64  0.97131756182507512     
          31          65  0.97220971627810826     
          34          66  0.97145419173919123     
          36          67  0.95172257484718281     
          35          68  0.97138220362873551     
          37          69  0.96778641877009397     
          38          70  0.96280403650279045     
          39          71  0.96919667377882768     
          40          72  0.97174528712064168     
          41          73  0.97209560555160091     
          42          74  0.97046892029918463     
           5          75   1.2062779372392021     
           8          75   1.1016131760789618     
          43          75  0.57350085366220194     
          12          76   1.1865709786975269     
          27          76   1.1158135223105403     
          43          76  0.70237829150595954     
          15          77  0.99532144785099974     
          17          77   1.0254466166008760     
