   -0.12945853
   -0.01336727
   -0.06982765
   -0.07901411
    0.05285449
   -0.04416994
   -0.07400036
    0.08147252
   -0.05800898
   -0.03236651
    0.00036693
    0.05911904
   -0.03528449
   -0.06105271
    0.03748665
   -0.04989438
    0.14807583
   -0.04562691
   -0.04588584
   -0.03000003
   -0.05923606
    0.07313110
   -0.02760598
   -0.03637502
    0.02130808
   -0.04020403
    0.09512874
   -0.05322860
   -0.04169967
   -0.03540363
   -0.03719470
    0.02119635
   -0.02111862
   -0.03468434
   -0.03979175
   -0.02656520
   -0.03493566
   -0.04850808
   -0.04168838
   -0.05350298
   -0.03730053
   -0.03152319
    0.18985600
    0.04190036
    0.03398579
   -0.00674371
   -0.01596681
   -0.01326138
   -0.00175901
   -0.01881795
    0.05554613
    0.01660310
    0.05416478
    0.05962180
    0.04639995
   -0.01916410
    0.00577918
    0.01880643
    0.05383454
    0.00519491
    0.05643592
    0.00732101
    0.01815810
    0.00075712
    0.00819584
    0.00782451
    0.02870105
    0.00192675
    0.00673519
    0.05883116
    0.00421056
   -0.00170562
    0.00928988
    0.02281965
   -0.28297231
   -0.31020990
   -0.26391451
