           3           6   1.5065437255349050     
           5           7   1.3734777590140324     
           2           8   1.1835304803474869     
           4           9   1.4167417231062165     
           2          10   1.3176494494871376     
           2          11   1.2543063911407581     
           3          11   1.2697617087411628     
           4          12   1.3472551950689737     
           5          12   1.1901476927072365     
           6          13   1.3361629788794700     
           8          13   1.3226937091949722     
           7          14   1.4051686444261127     
           9          14   1.4285377278859355     
          16          17   1.3419710573992578     
          10          18   1.5153169732816967     
          10          19  0.10759690746254440     
          11          19   1.2847115323734746     
          16          20   1.4684370888713558     
          17          21   1.3736207554660558     
           1          22  0.94936629791275329     
          20          22   1.3885960532468953     
          16          23  0.10360431564447253     
          21          23   1.4282995148455155     
          22          23   1.4182230382365297     
          13          25   1.0546413904127858     
          24          25   1.3780862583888518     
          18          26   1.3413524196917543     
          19          26   1.5323706419831156     
          27          28   1.3485894514031151     
          29          30   1.4089154124647330     
          29          31   1.4054335405818597     
          30          32   1.4364500769904514     
          27          33   1.2697602805262744     
          32          33   1.0471013351962730     
          24          34   1.4552686934205601     
          28          35   1.4561092068374575     
          25          36   1.3825461323887236     
          34          36  0.10617194013712095     
          31          37   1.4644849895940493     
          32          38   1.2626789078829475     
          37          38   1.3255765200418912     
          33          39   1.4258638529121077     
          35          40   1.4212583901246225     
          39          40   1.4211783922110837     
          25          41  0.10332657449276210     
          34          41   1.4300939890895661     
          24          42  0.10548988504167370     
          36          42   1.4538441500640973     
          41          42   1.4307421401579845     
           1          43  0.17467687992148753     
          38          43  0.25859693652486271     
          10          44  0.96141149058381203     
          15          45  0.97689221620483990     
           3          46  0.96748881779007101     
           4          47  0.96800011722238710     
           7          48  0.96677067523006543     
           6          49  0.96781727646162130     
           9          50  0.97139490601411183     
          15          51  0.98062327729631871     
          24          52  0.96888927033651140     
          16          53  0.96613383278462162     
          20          54  0.96656367119501319     
          21          55  0.96369827257538820     
          14          56  0.97164503837457927     
          18          57  0.97186287834723406     
          28          58  0.97027762404248263     
          15          59  0.97123434683095444     
          19          60  0.96960337667888907     
          23          61  0.94746570968868138     
          29          62  0.97227044492404713     
          30          63  0.96966214452880706     
          26          64  0.97178817198015477     
          31          65  0.97119487570899354     
          34          66  0.97153094442879240     
          36          67  0.94433751394877119     
          35          68  0.97136791294629554     
          37          69  0.96772381776231486     
          38          70  0.90715826170585945     
          39          71  0.96995190385771890     
          40          72  0.97207932533124652     
          41          73  0.97224313207502011     
          42          74  0.96703784540793958     
           5          75   1.1734056614620896     
           8          75   1.1917256868949684     
          43          75  0.48992123289801182     
          12          76   1.2145936905440797     
          27          76   1.1496733769724958     
          43          76  0.43008092289670824     
          15          77  0.98412947122670147     
          17          77   1.0686181338965348     
