           1           2   1.0089739661018344     
           1           3  0.97869921018783057     
           1           4  0.97856020777952768     
           2           5  0.97856192979666290     
           2           6  0.97869730987913295     
           2           7   1.0067487354697569     
           7           8   1.0239128394649228     
           8           9   1.9287010756457805     
           1          10   1.0067391022562531     
           9          10   1.0238819134926351     
           7          11  0.96826183140181699     
           7          12  0.95921256778779629     
           8          13  0.96803568646708138     
           9          14  0.96804328531611961     
          10          15  0.96830079145230652     
          10          16  0.95921010512575577     
