$coord
         -5.706348172822          1.557061967856         -0.009526900684     c 
         -8.693299260063         -1.018484221336          2.390714114964     c 
          3.433777330870         -4.201037295518         -3.760363617288     c 
         -0.498596610708         -2.324207974281         -2.363163528418     c 
         -6.917610098741         -2.903299716809          2.518080079632     c 
         -1.783468380520         -4.310226555087         -3.506291511279     c 
         -3.918445879553         -0.503774378551         -0.021468412872     c 
          2.109069901454         -6.171697770989         -4.861721634070     c 
         -5.158666009004          3.868165237297         -1.182287185583     c 
         -8.096545266514          1.270999736837          1.179291856003     c 
          2.190773570089         -2.286861200914         -2.449917474156     c 
         -4.537321584643         -2.677824592274          1.403158254571     c 
         -0.497805651362         -6.237938139670         -4.719941618429     c 
         -6.858957616395          5.822579541305         -1.222413937817     c 
         -9.812222047486          3.310737970109          1.112545486743     c 
         -3.268490263168         -7.214240204502          1.637692485501     c 
         -2.662538011932         -4.665968463573          1.895336527310     c 
         -9.219475401683          5.533739605704         -0.065674257620     c 
          5.544245057318         -0.071819331579         -0.181100977582     c 
          7.042079690272         -2.188484455473          0.468097749703     c 
          2.315746005034          7.817616101833          2.684915473314     c 
          4.167871100130          5.957856610467          2.728128085852     c 
          0.899466437579          8.223701975780          0.526561890056     c 
          4.694824505497          4.502708965801          0.612509659996     c 
          6.389429925428          2.324245634440          0.766209144928     c 
         -1.502425342313         -9.068573196248          2.150708790472     c 
          9.296731424173         -1.945197149250          1.728263446165     c 
         -0.243309608202         -4.035061187059          2.734087356475     c 
          1.414109673760          6.850839108430         -1.649609993445     c 
          3.317134069782          4.989466172828         -1.649092026366     c 
          8.664200341678          2.500728355561          2.056855495642     c 
         10.173279524899          0.413226753924          2.487064832113     c 
          0.899766510186         -8.414646977461          2.951453895997     c 
          1.516380432901         -5.887733213064          3.253272381735     c 
          0.633956870898          2.384687536838         -1.364692749269     cu
         -3.305638466400          4.078767115201         -2.053415716881     h 
        -10.528074776872         -1.245942846826          3.263474493783     h 
          5.464308133913         -4.113997455219         -3.974481902151     h 
         -3.828123026866         -4.311271196158         -3.463834770980     h 
         -7.329438546547         -4.608425199148          3.574671844743     h 
          3.126529195907         -7.644107220329         -5.854337808658     h 
         -5.131363135105         -7.739778535268          0.979760769766     h 
         -1.542456668867         -7.767230254943         -5.588225907137     h 
         -6.386142203843          7.587301724757         -2.139630882098     h 
          6.357979450780         -4.048012392483         -0.018051773616     h 
        -11.625481059787          3.082353183695          2.034495491737     h 
          1.956993953217          8.926069095070          4.364002720185     h 
          5.194073188444          5.600510881552          4.459564470325     h 
        -10.561303425434          7.078567405183         -0.097186808821     h 
         -0.584661716567          9.627771126824          0.520588310616     h 
         -1.997409029821        -11.039122026332          1.909352903222     h 
          0.251433095594         -2.067173022514          2.975410297487     h 
         10.401473210508         -3.618959361368          2.145566047188     h 
          0.474479752399          7.332709164600         -3.400851817593     h 
          4.121082104700          4.367535238192         -3.435796785183     h 
          9.277184470285          4.343961616567          2.705483299679     h 
         11.971170537260          0.602415187304          3.440879182904     h 
          2.286664004799         -9.866563570211          3.335764591812     h 
          3.384017684547         -5.356317450036          3.889069362882     h 
         -1.764415910464         -0.258033363527         -1.357166158085     n 
          3.334656994898         -0.193840308255         -1.408772884534     n 
$end
