           1           2   1.0062718519459246     
           1           3  0.98045409355399771     
           1           4  0.98041561041294223     
           2           5  0.98041547602140777     
           2           6  0.98045422602137056     
           2           7   1.0047284114653141     
           7           8   1.0184242305261400     
           8           9   1.9328874188122263     
           1          10   1.0047273018209408     
           9          10   1.0184235462326596     
           7          11  0.97063693182071531     
           7          12  0.96360994838904535     
           8          13  0.97094606086813207     
           9          14  0.97094683502640844     
          10          15  0.97064851864460111     
          10          16  0.96360404208080286     
